10
4
66473 56235 68951 90364 
98342 82013 120704 150867 
127451 77324 159803 149901 
80424 49865 120510 85732 

40121 25900 10994 19105 
110628 92360 66036 83177 
90415 55537 19317 36939 
123550 70747 50367 85944 

96175 52234 88623 80270 
144940 92652 153604 91484 
211813 119540 214502 179405 
87329 57940 83060 59123 

160043 163774 116134 115941 
138208 248100 112439 183549 
36035 114188 30148 81279 
42002 92403 24000 56653 

97559 99435 86180 81132 
162520 205792 179700 150314 
104024 139424 127366 105131 
129380 157628 140332 127295 

115712 122322 139701 137958 
47567 72500 79968 100028 
139804 133777 170383 178726 
86222 115504 119455 148600 

114725 94039 64390 135458 
144930 96065 98140 110606 
121805 76424 81360 98240 
189162 92013 127677 183674 

99574 88681 64558 91807 
112236 103116 60850 92284 
114344 105167 61164 89306 
133984 120240 102394 129224 

57342 41696 92974 99469 
115256 82228 103401 153612 
190904 142208 162327 253761 
103860 82678 127094 162879 

124060 61137 99799 92658 
119704 109844 115551 112291 
151200 122662 123190 125486 
69147 42883 130894 85173 

