10
4
174 63 276 205 
215 64 275 40 
36 243 102 308 
93 110 45 240 

273 231 196 244 
82 47 0 19 
264 279 69 37 
181 4 37 148 

246 224 178 24 
143 66 228 95 
143 76 189 174 
206 52 165 315 

227 303 62 110 
58 326 149 327 
31 204 30 143 
305 15 293 95 

74 252 134 66 
205 197 147 152 
195 207 280 271 
204 236 185 122 

60 241 181 296 
79 61 198 228 
191 115 162 26 
242 200 203 226 

263 48 188 284 
298 201 238 14 
218 319 103 186 
100 56 35 284 

278 243 50 107 
26 25 210 268 
178 146 134 97 
152 164 50 105 

241 102 270 314 
286 237 98 309 
41 21 257 171 
199 313 23 286 

214 105 34 165 
74 95 301 180 
217 37 161 124 
162 259 166 125 

